0.70	-136.302388189	-1.068915039556
0.75	-136.724187400	-0.901030995897
0.80	-137.019390067	-0.711986468479
0.85	-137.223751099	-0.503044786508
0.90	-137.362848130	-0.275619952638
0.95	-137.455053351	-0.031348666979
0.96	-137.469105046	0.019367284127
0.97	-137.481908722	0.070669624508
0.98	-137.493545171	0.122535531410
0.99	-137.504090242	0.174955067943
1.00	-137.513614971	0.227909095528
1.01	-137.522186006	0.281380397253
1.02	-137.529865949	0.335351540762
1.03	-137.536713861	0.389806958224
1.04	-137.542783515	0.444722694970
1.05	-137.548127841	0.500086228922
1.06	-137.552794873	0.555877118440
1.07	-137.556830052	0.612076813877
1.08	-137.560276067	0.668666085038
1.09	-137.563172955	0.725626030007
1.10	-137.565558244	0.782937460822
1.11	-137.567467089	0.840582266766
1.12	-137.568932679	0.898536361261
1.13	-137.569985961	0.956783401398
1.14	-137.570656002	1.015300287967
1.15	-137.570970065	1.074067168152
1.16	-137.570953800	1.133060941587
1.17	-137.570631146	1.192264599772
1.18	-137.570024588	1.251657403611
1.19	-137.569155213	1.311218861707
1.20	-137.568042781	1.370920267723
1.21	-137.566705798	1.430762757869
1.22	-137.565161756	1.490698662198
1.23	-137.563426614	1.550726349883
1.24	-137.561515716	1.610820263539
1.25	-137.559443304	1.670960992120
1.26	-137.557222734	1.731128807893
1.27	-137.554866468	1.791307832684
1.28	-137.552386180	1.851466168557
1.29	-137.549792805	1.911611277868
1.30	-137.547096556	1.971706946857
1.31	-137.544306993	2.031742209236
1.32	-137.541433014	2.091705494240
1.33	-137.538482991	2.151566379901
1.34	-137.535464723	2.211334561046
1.35	-137.532385514	2.270989652059
1.36	-137.529252179	2.330513449675
1.37	-137.526071037	2.389914101091
1.38	-137.522848081	2.449174832988
1.39	-137.519588828	2.508291910857
1.40	-137.516298444	2.567269075562
1.41	-137.512981804	2.626084894829
1.42	-137.509643457	2.684757080344
1.43	-137.506287583	2.743284499991
1.44	-137.502918115	2.801671770390
1.45	-137.499538746	2.859924941805
1.46	-137.496152936	2.918050140894
1.47	-137.492763873	2.976062931839
1.48	-137.489374576	3.033972264377
1.49	-137.485987797	3.091823527024
1.50	-137.482606196	3.149562275021
1.55	-137.465855888	3.437967306395
1.60	-137.449540176	3.727640714654
1.65	-137.433839411	4.020449614405
1.70	-137.418880704	4.315905593603
1.75	-137.404753126	4.609291675393
1.80	-137.391517113	4.892599075270
1.85	-137.379209399	5.156696429169
1.90	-137.367848574	5.394215512366
1.95	-137.357435933	5.602375484850
2.00	-137.347957627	5.780777337488

